0.01012   33.24956196959627   0.19825
0.01038   33.21168827202394   0.2048
0.01043   33.17442406817814   0.20035
0.01082   33.499991753362195   0.18445
0.01209   33.536821536173726   0.1914
0.0122   33.679136324013086   0.1737
0.01226   33.721061585504444   0.17765
0.01268   33.69005812427686   0.171
0.01271   33.488681991800604   0.1749
0.01291   34.03754778269674   0.1716
0.01318   33.73844594862411   0.17285
0.01382   33.75129126170715   0.15385
0.01402   33.80839201717081   0.16195
0.01447   33.903430188999884   0.16555
0.01451   33.806373853664184   0.16765
0.01454   33.98404728759706   0.1656
0.01472   33.99072781801533   0.14905
0.01504   33.947798591821666   0.1491
0.01506   34.21486281811189   0.15445
0.0152   34.294603343838865   0.1635
0.0153   34.101740437894414   0.1456
0.01531   34.23874893397869   0.1613
0.01531   33.813014299679324   0.1526
0.01532   34.00861275360473   0.16405
0.01567   34.34592989446522   0.15405
0.01568   33.92446472872948   0.1525
0.01572   34.55872232012984   0.1939
0.01629   34.2730831686147   0.15115
0.01635   34.2658385840923   0.1518
0.01662   34.15831425285898   0.14705
0.01663   34.42827702483625   0.15025
0.01678   34.56197744327851   0.15925
0.01697   34.32348236904946   0.1531
0.01698   34.475152809911734   0.1558
0.01705   34.53974022438866   0.1832
0.01724   34.59002873185246   0.1556
0.01726   34.50757962037334   0.1511
0.01732   34.619157221072896   0.1587
0.0174   34.43210205924345   0.1485
0.01741   34.177438404198114   0.1498
0.01752   34.3858413823611   0.1465
0.01754   34.488300566275335   0.1341
0.01763   34.45252933173485   0.1562
0.01908   34.54701188968018   0.14115
0.0197   34.402411613775506   0.1578
0.01972   34.605585752415664   0.15785
0.0202   34.82056228131706   0.15165
0.02024   34.76187298826386   0.12735
0.02031   34.927064426257445   0.1353
0.02038   34.78782201120576   0.14185
0.0204   34.509096741349474   0.156
0.02091   34.910907130819766   0.1368
0.0212   34.730216730086916   0.1437
0.02171   34.84892868958023   0.13615
0.02189   34.946059466221215   0.1381
0.02197   35.030030453934074   0.1436
0.0221   34.92392934294649   0.13695
0.02223   35.06997565463266   0.13205
0.02249   34.88533667151182   0.1391
0.02275   34.95255692522898   0.13625
0.02348   35.02038531386848   0.13895
0.02349   34.83356079466562   0.1338
0.02384   35.25456972691936   0.1335
0.02398   35.157854197059955   0.13525
0.02401   34.83721558069273   0.12635
0.02414   35.14492153676942   0.1291
0.02454   35.21050289660921   0.1278
0.02477   34.88374896731435   0.1718
0.02482   35.0804619353814   0.13485
0.02525   35.252061820321664   0.13295
0.02529   35.23481803467558   0.1405
0.02547   35.32106679249147   0.1242
0.02557   34.99224283825329   0.1496
0.02559   35.07461819978167   0.1259
0.0258   35.42973416214599   0.1376
0.02627   35.38979201435386   0.1362
0.02639   35.191136734423104   0.1399
0.02643   35.26883884814308   0.1425
0.02651   35.28766732870632   0.1248
0.02673   35.55215999703825   0.16165
0.02689   35.42919047811136   0.126
0.02751   35.27755621104721   0.1291
0.02752   35.047985193764255   0.1341
0.02752   35.674909619652965   0.14255
0.02763   35.343539075923005   0.1179
0.02811   35.34946868938865   0.12485
0.02837   35.652688838225785   0.12155
0.02845   35.24117863460031   0.1364
0.02846   35.357493158988405   0.13405
0.02878   35.64939355775161   0.12155
0.0288   35.73397154821345   0.13605
0.02894   35.40018126473744   0.1316
0.02932   35.62343636591059   0.1457
0.0295   35.56882241177366   0.12735
0.0299   35.74338793627525   0.123
0.03001   35.66645255066189   0.12025
0.03048   35.67070971699721   0.1342
0.03049   35.65982411872989   0.1419
0.03055   35.69813998394953   0.45085
0.03144   35.91003836834064   0.12075
0.03155   35.84925978440058   0.14115
0.03161   35.57334317908039   0.12625
0.03163   35.617122225805055   0.11945
0.03184   35.81704406336351   0.12125
0.03191   35.53094639211754   0.12775
0.03212   35.7912243747101   0.1431
0.0322   35.9088257826967   0.1289
0.03273   35.820576286318826   0.1205
0.0328   35.744256644898556   0.12525
0.03292   35.70227079146593   0.1185
0.03314   35.74085587803106   0.12215
0.03348   35.688332281102554   0.15235
0.03359   35.97868597535664   0.1061
0.03378   36.03441087786212   0.1403
0.03399   36.05962214736293   0.11105
0.03408   35.87665025873613   0.12455
0.03411   35.88022296325842   0.1148
0.03416   35.83216236721739   0.1563
0.03426   35.912231704164846   0.12025
0.03434   35.86183905567015   0.1249
0.03438   35.962955066864566   0.12105
0.03489   35.91336981519191   0.1667
0.03501   36.106010884505714   0.12485
0.03507   36.20340026412496   0.16785
0.03518   35.811584639729794   0.15235
0.03578   35.981598313848636   0.1761
0.03682   36.161775495090346   0.12655
0.037   35.991419795954116   0.12725
0.03713   36.234431279842404   0.1177
0.0373   36.16297859213409   0.11505
0.03743   36.08397305815044   0.1166
0.03791   36.23112727576881   0.2001
0.038   35.89899157286869   0.13185
0.03827   36.11994802991112   0.1201
0.03837   35.7576722695856   0.16555
0.03863   36.14731519171172   0.1275
0.03984   36.27456334002356   0.1146
0.04028   36.17203060464726   0.11335
0.04067   36.331943786787484   0.1127
0.04093   36.27504905059431   0.11665
0.04093   36.531878326964915   0.1297
0.0415   35.952450056031886   0.1259
0.04269   36.42317464538728   0.117
0.0431   36.24055985776498   0.10685
0.04341   36.39725028642825   0.1209
0.04437   36.433352289381276   0.19805
0.04437   36.35629262008245   0.11995
0.04486   36.60742123257038   0.14795
0.04582   36.51847617567873   0.1243
0.04597   36.50193451856244   0.1025
0.04651   36.66029615826372   0.11625
0.0471   36.301663296640825   0.14465
0.04713   36.5770950924563   0.1151
0.04714   36.56571295791495   0.12315
0.04819   36.70229339147146   0.12175
0.04949   36.6587295013347   0.12545
0.04976   36.8444017264053   0.13525
0.05035   36.68112240742795   0.16335
0.05067   36.359680775650006   0.158
0.05092   36.770767619897576   0.1224
0.05322   36.80736291755606   0.12805
0.05344   36.84456473080671   0.1398
0.05359   36.95421018821467   0.1439
0.05418   36.975881140295776   0.11385
0.05458   36.78929244461732   0.1018
0.05495   36.94802090656238   0.1165
0.05573   36.861447008076915   0.10915
0.05581   37.06257776189864   0.12285
0.05684   36.888365836048266   0.1203
0.05715   36.96279288028601   0.1072
0.05721   37.16982350027128   0.1094
0.0589   37.0694764477846   0.11395
0.05895   37.12691026946127   0.10045
0.05948   37.07607869814187   0.12625
0.06119   37.2190494084244   0.11905
0.06441   37.224229951229574   0.1085
0.06455   37.46420466384329   0.1136
0.06481   37.263601860996715   0.1109
0.06559   37.41235996820631   0.12675
0.06641   37.514104303539035   0.1134
0.06845   37.50250122981877   0.1248
0.06877   37.53182400464258   0.11055
0.06888   37.39660858701036   0.15105
0.0706   37.661216949448985   0.29975
0.07063   37.55158129273325   0.1229
0.07141   37.4584852932386   0.1192
0.0718   37.72622560545496   0.1254
0.07369   37.45910690571014   0.1566
0.07515   37.69769459313213   0.1248
0.07523   37.66582718319009   0.10185
0.0755   37.57872385506499   0.11965
0.07877   37.690484369936456   0.11205
0.07883   37.57756825990548   0.12205
0.07976   37.63942005793213   0.10315
0.08162   37.845728262421666   0.10425
0.08223   37.67163933263465   0.1223
0.08286   37.84906361717759   0.1055
0.08328   37.96923089586711   0.11605
0.08534   37.95977766163866   0.1057
0.08575   38.14353345215903   0.10035
0.08798   38.0745289392003   0.1066
0.08833   38.07151478562401   0.11615
0.08859   38.025878118833525   0.10605
0.0896   38.099037393756895   0.11685
0.09121   38.177651647596726   0.1103
0.09201   38.30561554342143   0.1139
0.09278   38.239564776572955   0.109
0.0939   38.13871252753491   0.14945
0.094   38.249134492067554   0.10285
0.09641   38.376199705242826   0.14795
0.09929   38.38952494384227   0.10965
0.10036   38.38325292639535   0.11145
0.10044   38.371079623331596   0.10935
0.10227   38.35851218100357   0.1106
0.10242   38.33002772614011   0.1077
0.1028   38.44300064399813   0.1443
0.10293   38.51444700024816   0.12325
0.10298   38.35484085265037   0.103
0.1034   38.307320689482474   0.1007
0.1036   38.46275490113135   0.10555
0.10588   38.54024525133048   0.10015
0.10643   38.26841057473294   0.10245
0.10689   38.28696193084485   0.10455
0.1072   38.500298963982694   0.1111
0.10757   38.45697230941768   0.10865
0.10902   38.3944220600822   0.10285
0.10989   38.55413669438923   0.12085
0.11229   38.60037525454197   0.1026
0.11376   38.47790869232631   0.10675
0.11639   38.7004392218026   0.10185
0.11659   38.72547778911674   0.1036
0.11762   38.647465936478696   0.10595
0.11782   38.69872519864059   0.0991
0.11787   38.4736122552129   0.11365
0.1187   38.595027136135336   0.1244
0.1187   38.712727993328755   0.1339
0.11944   38.654477843027514   0.1245
0.11981   38.77747345344908   0.142
0.12005   38.63511495725756   0.1021
0.12029   38.93003180632701   0.11295
0.12068   38.74529166709104   0.1916
0.12175   38.83186717845847   0.09805
0.1218   38.64231946226143   0.13445
0.12211   38.96257928969863   0.11495
0.1229   38.925721906148084   0.11665
0.12291   38.9213409211437   0.1033
0.12347   38.84638370907579   0.10285
0.12365   38.597198539024724   0.1083
0.12368   38.8461198122355   0.1022
0.1244   38.81144109783154   0.1006
0.12531   38.7800386683935   0.10355
0.1262   38.78914298611025   0.113
0.12631   38.99514488694402   0.13485
0.12672   38.770272306879264   0.1097
0.12679   39.02712202181107   0.11965
0.12687   38.91582346757377   0.10365
0.12783   39.049986074640046   0.132
0.12891   38.76108433004685   0.12795
0.12913   38.96006598162552   0.1143
0.12924   38.92326853433762   0.10875
0.12941   38.8562397633928   0.1075
0.12995   38.919657330721634   0.12165
0.13226   39.052354210065594   0.1333
0.13269   38.933761476518676   0.0994
0.13366   39.10875162344287   0.101
0.13523   38.94494465644849   0.1216
0.13527   39.22760385899055   0.1135
0.13653   38.983701540505784   0.1105
0.13659   39.25512054550846   0.12305
0.13672   38.964878834401844   0.1138
0.13679   38.78108705487173   0.11075
0.13712   39.00850902132258   0.11415
0.13796   39.0831519657557   0.10475
0.13806   39.15803859508711   0.10245
0.13816   39.41852654377871   0.1169
0.13823   39.29995207751146   0.1038
0.13847   39.10775239663243   0.13335
0.13855   39.03691268783788   0.1308
0.1388   39.15226848381775   0.1072
0.13947   38.989571076089554   0.1129
0.14055   39.16383457573366   0.11635
0.14135   39.42147518855085   0.13225
0.14167   39.28324682217728   0.1047
0.14343   39.13118583770471   0.10815
0.14393   39.120598989452084   0.113
0.14406   39.20158765287309   0.10485
0.14462   39.360740116862736   0.13965
0.14519   39.184171399138656   0.1399
0.14539   39.12616256370736   0.1724
0.14566   39.16707329214501   0.12755
0.14648   39.22057145325772   0.11095
0.14711   39.20039914300235   0.10335
0.14723   39.330302653266884   0.1218
0.14761   39.31265684537046   0.11365
0.14774   39.197160481395684   0.1023
0.14864   39.39973260248246   0.1063
0.14949   39.393314397619854   0.16675
0.15062   39.450053269608475   0.11605
0.15069   39.0984102416284   0.11
0.15171   39.24126757133433   0.10325
0.15253   39.132059487672144   0.11355
0.15269   39.45851559243377   0.11585
0.15286   39.329786308757676   0.10245
0.15298   39.177424780810284   0.1096
0.15333   39.24031257869194   0.10465
0.15352   39.201090679030536   0.10495
0.15474   39.22945813958959   0.1045
0.1549   39.33647237534132   0.1063
0.15499   39.401091973068084   0.11795
0.15625   39.28928308165485   0.12595
0.1567   39.38175322030949   0.15485
0.1568   39.371581244740206   0.1104
0.1568   39.387396734432606   0.12545
0.15819   39.546637054041476   0.12375
0.15881   39.65322878123745   0.1245
0.15933   39.42893372128756   0.1054
0.15948   39.617473786401156   0.1775
0.16018   39.447138420008976   0.11045
0.16031   39.39541389993807   0.129
0.1604   39.67430070631075   0.10955
0.16046   39.224031401336234   0.167
0.16053   39.336259961683375   0.1156
0.16139   39.48285486982588   0.12015
0.16163   39.44820645101563   0.1299
0.16267   39.439576643617066   0.1303
0.16382   39.5743172345503   0.11915
0.16448   39.45891014645507   0.1083
0.16503   39.36625755400871   0.11585
0.16514   39.425349020509934   0.10665
0.16576   39.475279070090885   0.12155
0.16799   39.79198672711344   0.1219
0.1694   39.56391410569612   0.1144
0.16941   39.56801553496107   0.1317
0.17008   39.602781688690335   0.107
0.17043   39.543596673480096   0.14255
0.17144   39.27008201690764   0.17315
0.17157   39.63310801483994   0.11585
0.17281   39.60067215615184   0.1308
0.17331   39.37913724449805   0.09925
0.17354   39.53078048009045   0.1283
0.17359   39.61227986011282   0.1083
0.17365   39.494783466516175   0.1373
0.17371   39.530967071179276   0.12665
0.1742   39.56565633381959   0.1115
0.17424   39.796042727604735   0.11045
0.17461   39.4519035673328   0.1317
0.17537   39.622252024646585   0.1249
0.17675   39.5278865256824   0.129
0.17685   39.68721527639964   0.106
0.17708   39.810608333026025   0.1273
0.17746   39.7329440964187   0.12905
0.17748   39.54211336539865   0.12115
0.1777   39.67481489922637   0.11035
0.17772   39.704128426304955   0.1224
0.17818   39.82250195054327   0.1286
0.17831   39.690695395626626   0.1134
0.1787   39.686536374713896   0.1152
0.17893   39.68454285171674   0.1225
0.1792   39.4017648236568   0.14915
0.17967   39.77604215480131   0.1699
0.17972   39.79436504925351   0.11325
0.18004   39.11012998106489   0.14335
0.18046   39.762805596423696   0.10565
0.18058   39.612436705585374   0.1117
0.1806   39.57982971168969   0.1142
0.18071   39.911086062827714   0.16425
0.18122   39.747316073489046   0.10535
0.18141   39.68822477375124   0.1593
0.18152   39.35925920124914   0.12575
0.18212   39.55944838346498   0.13765
0.18223   39.75220604456673   0.12625
0.18261   39.8691450754676   0.1376
0.18353   39.74725130828744   0.1247
0.18356   39.575037652970714   0.1284
0.18365   39.47543774027045   0.14145
0.18446   39.70189557829772   0.13065
0.1846   39.68108503630804   0.1118
0.1846   39.56490702807332   0.1082
0.18478   39.64508274851155   0.1056
0.18484   39.737116755879136   0.1235
0.18538   39.795793815042956   0.10405
0.18542   39.54205280791837   0.1283
0.18542   39.792882420892745   0.1169
0.18562   39.680803613083   0.1298
0.18628   39.693553621073406   0.11385
0.18905   39.84544629320522   0.1187
0.1891   39.57079147233137   0.13035
0.18914   39.995323434873974   0.12885
0.18959   39.86097353520055   0.1605
0.18988   39.86075638879745   0.1185
0.19005   40.02212713582057   0.1552
0.19024   40.058697254046194   0.11825
0.1907   40.03541254598114   0.11925
0.19141   39.802069779942926   0.15515
0.1919   39.853700501626946   0.1404
0.19358   39.94494429268975   0.1361
0.1957   40.10695452323188   0.12925
0.19582   39.68113548935388   0.1151
0.1959   39.64414104205673   0.11935
0.19602   39.83899768767502   0.109
0.1963   40.02280621226661   0.1369
0.1965   39.96045996239616   0.13845
0.19694   39.95467307764549   0.1167
0.19731   40.06426399181364   0.1122
0.19777   39.877299872715426   0.129
0.1984   40.1482346520876   0.1317
0.19845   39.81308191856382   0.13895
0.1986   40.081183625968265   0.1223
0.1994   39.638088215535895   0.14145
0.19958   39.95913526332348   0.15295
0.1998   39.87033954299951   0.13595
0.20072   39.7924239310232   0.1607
0.20073   39.92654673906123   0.21145
0.20192   39.99713262362131   0.11475
0.20244   40.109680546985494   0.13765
0.20284   39.989864648695225   0.1164
0.20291   40.38390559593782   0.1209
0.20299   40.0593822221881   0.1382
0.20311   39.87731318092142   0.12555
0.20314   40.07862631232104   0.12035
0.20324   39.86624973109455   0.11955
0.20431   40.19432436485045   0.12435
0.20493   39.84246257652639   0.1568
0.20532   40.12141392503369   0.1351
0.20562   40.18641477582876   0.12095
0.20584   40.123744557206614   0.15765
0.2071   40.17578867825949   0.18575
0.20824   40.127604622470535   0.12075
0.20827   39.94781436791838   0.1319
0.20861   40.05176233578168   0.11275
0.2088   39.99590057975937   0.16115
0.20982   40.267273668625265   0.1584
0.21028   40.375299773823954   0.1335
0.21037   40.16926558744943   0.1203
0.21053   39.954905064076016   0.15075
0.21073   39.928449191555025   0.1623
0.21075   39.97932831607323   0.10525
0.21075   39.95310063171464   0.12695
0.21079   40.22253785041682   0.1231
0.21139   39.831991566112805   0.1276
0.21154   40.10028722398112   0.1818
0.21198   40.17678356742061   0.12295
0.21231   40.09169483381435   0.1303
0.21311   40.12022730701494   0.1429
0.21313   40.076106117057265   0.12325
0.21327   40.10892407239814   0.1364
0.21432   39.971143492209976   0.1308
0.21434   40.097730887766   0.17345
0.2149   39.96804666307903   0.1483
0.21641   39.970737444946785   0.11555
0.21651   40.061471152103294   0.13625
0.21731   40.19915626619917   0.13945
0.21735   40.41781403761027   0.15665
0.21791   40.26261113058617   0.14225
0.2184   40.22535378305822   0.1415
0.2186   40.26146014709018   0.1685
0.21861   40.13403442580719   0.13435
0.21911   40.092787659897745   0.1261
0.21929   40.19215387870104   0.1534
0.21946   40.163255058399656   0.1023
0.2195   40.037882719420026   0.1346
0.21986   40.13602733518482   0.10825
0.22043   40.12575547350013   0.15445
0.22146   40.02085458743342   0.1197
0.22146   40.37778419825032   0.14915
0.2223   40.17046014230236   0.1392
0.22259   40.3396362829185   0.1546
0.22308   40.14103519100917   0.1281
0.22374   40.32997170437898   0.12225
0.22425   40.21371349293104   0.15345
0.22448   40.38474180166529   0.15385
0.2251   40.29008026824942   0.12955
0.22556   40.402611547025614   0.1228
0.22562   40.38386209770027   0.12425
0.22644   40.354070684144894   0.141
0.22796   40.19609951807893   0.15045
0.22853   40.32968053238351   0.12895
0.22889   40.430092424538536   0.14355
0.22939   40.22831643877067   0.1271
0.22943   40.30893728358996   0.1411
0.23027   40.069952786329594   0.14645
0.23071   40.17402544824933   0.15255
0.23086   40.2717214176015   0.15375
0.23152   40.49826665051042   0.1499
0.23353   40.4895446946151   0.1527
0.23359   40.24583549330346   0.1537
0.23362   40.659721299151656   0.1599
0.23466   40.54888119095115   0.19515
0.23517   40.34554226296328   0.1458
0.23603   40.31063683855579   0.12315
0.23643   40.489325186077025   0.14325
0.23657   40.30859742400172   0.146
0.2368   40.304414573022235   0.1241
0.23753   40.28012317001222   0.1316
0.23823   40.372698506443356   0.14335
0.23851   40.29680881455336   0.2471
0.23943   40.49512233518864   0.1478
0.24001   40.40061790614811   0.1643
0.24074   40.55425262585515   0.11795
0.24111   40.41892315612408   0.1118
0.24146   40.46546232189839   0.13015
0.24162   40.51831679356949   0.15175
0.24177   40.49920835509381   0.1569
0.24237   40.3425419291053   0.15195
0.24275   40.42504839411614   0.1213
0.24288   40.47782427745685   0.1175
0.24317   40.59446277944601   0.15475
0.2441   40.402621050160946   0.1449
0.24488   40.570474648591386   0.1298
0.24494   40.30029858650766   0.1237
0.2451   40.18802139980397   0.1441
0.24526   40.67491337935193   0.1882
0.24527   40.922919754473654   0.14705
0.2453   40.360407399657426   0.14105
0.24575   40.418457455112076   0.1225
0.24583   40.57429967061379   0.13085
0.24599   40.42074198442182   0.1219
0.24615   40.724522757705145   0.14645
0.24616   40.29833551629699   0.13055
0.24649   40.559040269967994   0.10805
0.24805   40.37119897421112   0.13435
0.24828   40.136762807960196   0.1388
0.24832   40.44710510584224   0.1326
0.24849   40.60406698341928   0.14705
0.24862   40.70061421991811   0.13995
0.2488   40.28408949146312   0.1596
0.249   40.433834297287234   0.11585
0.24931   40.6051616851691   0.1409
0.24943   40.77520653155548   0.14445
0.24954   40.41200902628105   0.1247
0.24999   40.66310810427368   0.13305
0.25001   40.26237382794034   0.1625
0.2501   40.64615662397161   0.13225
0.25012   40.48258277479134   0.14315
0.2505   40.53264984494808   0.1114
0.25051   40.526325506467366   0.13165
0.25085   40.619515316047696   0.1659
0.25149   40.706951692685784   0.1266
0.25163   40.35263592478607   0.1462
0.25218   40.465101538579965   0.16095
0.25249   40.55599317231791   0.11325
0.2534   40.37601528950376   0.11245
0.25577   40.43294365910531   0.1818
0.25626   40.31600185214278   0.16145
0.25641   40.246523825928755   0.1749
0.25654   40.52781196724399   0.14805
0.2569   40.376708341819594   0.16715
0.25693   40.501142984910906   0.1446
0.2574   40.77231389238339   0.15
0.25769   40.78465937681551   0.14285
0.25848   40.8152679526272   0.14085
0.26043   40.83507238531019   0.1521
0.26051   40.65564368372431   0.12265
0.26088   40.69368919152137   0.14225
0.2611   40.82756011464834   0.13865
0.26132   40.645578493892124   0.17885
0.26136   40.48414745921604   0.15835
0.26199   40.59703706805322   0.1082
0.26312   40.649704731297994   0.1313
0.26318   40.74486410400222   0.14295
0.26327   40.57199379516237   0.1514
0.26349   40.669210892513355   0.1079
0.26377   40.51332834780737   0.15695
0.26388   40.86941651266485   0.1418
0.26388   40.684712369627384   0.12955
0.26419   40.5419174633665   0.1665
0.2646   40.403273688385006   0.1389
0.2655   40.638610511640096   0.1301
0.26658   40.686249496053186   0.14765
0.26801   40.72031983566044   0.16715
0.26826   40.441258862581144   0.15275
0.26828   40.88808239511356   0.16265
0.26848   40.6654441660351   0.14435
0.26849   40.79188728503402   0.1051
0.26862   40.70715419762807   0.0993
0.26991   40.6613787837692   0.12695
0.27001   40.97888889273821   0.13725
0.27047   40.742611833264135   0.1242
0.27057   40.63419127519342   0.169
0.27088   40.73230395578276   0.12
0.27131   40.62845081710175   0.10785
0.27307   40.84041633567027   0.14505
0.27446   40.563157513071445   0.1525
0.27509   41.012764263300774   0.1382
0.27509   40.600028681839525   0.11615
0.27511   40.748618514246466   0.15505
0.2754   40.54214955651897   0.153
0.27631   40.275830185273186   0.19055
0.27716   40.685615597629   0.2055
0.27805   40.81522588445535   0.13915
0.279   40.604868108458014   0.13265
0.27946   40.8171822906999   0.1398
0.27989   40.771949173909476   0.11365
0.28051   40.62492174129631   0.11055
0.28251   40.71659849017806   0.1073
0.28313   40.649527419107756   0.13595
0.2836   40.946857139977126   0.1028
0.28397   41.087861088392025   0.1146
0.284   40.5808445247573   0.15145
0.28403   40.833793227040296   0.13635
0.28509   40.68101978238296   0.15435
0.2854   40.57393559035249   0.12315
0.28546   40.79979556360716   0.1395
0.28578   40.81136060969582   0.1358
0.28622   40.87507924848784   0.15585
0.28631   40.918223161732264   0.1504
0.28707   41.02252328189846   0.14295
0.28712   40.968730256529696   0.1491
0.28845   40.80661520578513   0.1256
0.28854   41.17565579082434   0.1639
0.2896   40.870608770205465   0.1649
0.29003   40.96203481147444   0.15315
0.2902   40.89003297412462   0.13835
0.2908   40.75872732236717   0.14645
0.2909   40.81526844456923   0.15955
0.29121   41.15431251077066   0.1501
0.29172   40.824595691509245   0.12535
0.29212   40.85871425392501   0.1226
0.29245   40.543533356961575   0.1649
0.29282   40.87524973650798   0.1351
0.29291   40.88984475310764   0.1708
0.29318   40.82153945593878   0.1437
0.29532   41.03913252652537   0.1925
0.2956   40.839013067244515   0.123
0.29649   40.843768174565426   0.1446
0.29843   40.60690067322399   0.16045
0.29859   40.885506968904764   0.1633
0.2988   40.410772225644706   0.16425
0.29911   40.96698691467532   0.1301
0.29948   40.66779392041468   0.1614
0.30004   40.986785640064056   0.15885
0.30006   41.00609717956398   0.16525
0.30012   41.09584806718184   0.11935
0.30078   40.84583536836242   0.1704
0.30143   40.80868908801731   0.1445
0.30156   40.98017213032002   0.13495
0.30158   41.00665726966942   0.0939
0.30249   41.123470286443734   0.15825
0.30317   41.09126284910226   0.13765
0.30337   41.07700512304407   0.11865
0.30369   40.833871638787016   0.135
0.30525   41.06912129678718   0.1129
0.30538   40.99452902030681   0.19765
0.30549   40.884081175608856   0.13305
0.30567   40.93695917450672   0.12015
0.30617   40.96652820246662   0.16135
0.30642   41.15096996216822   0.1493
0.30666   40.93271159905944   0.1627
0.30801   41.10043946470814   0.1182
0.3088   40.876828062486126   0.15525
0.30894   41.031697837769244   0.1693
0.309   40.940623866238546   0.19685
0.3092   41.03998770554565   0.1462
0.31032   41.23895612877617   0.15795
0.31079   41.229876503689866   0.13845
0.31156   41.10676119903269   0.10825
0.31262   41.037466061561794   0.14295
0.31353   40.928020029425966   0.14945
0.31437   41.17445600401145   0.137
0.31468   41.147126796219   0.1572
0.3148   41.07285043878278   0.12485
0.31555   41.194128162807246   0.15355
0.31579   41.11999755751055   0.1522
0.31774   41.09409143842472   0.1521
0.31811   41.16135353836868   0.12465
0.31841   41.136754723841136   0.21085
0.31894   41.25771602923898   0.137
0.31894   41.046945681967166   0.15665
0.32007   41.17094402071462   0.1358
0.32092   41.32527020270206   0.15495
0.32095   41.06382447974899   0.1245
0.32218   41.10334049696611   0.14025
0.32454   41.09022674518818   0.10225
0.32529   40.86466401883089   0.1809
0.32531   41.220480520719036   0.14105
0.32553   41.50783642757093   0.1384
0.32601   41.30558348371299   0.1464
0.32753   41.17309575466776   0.13855
0.32832   41.15828918605743   0.18155
0.3284   41.206381490667845   0.16575
0.32841   41.251462332115125   0.17245
0.32891   41.50258377693509   0.20955
0.32944   41.043140741595074   0.14295
0.32944   41.157430310655634   0.11895
0.33015   41.32722091266116   0.1589
0.33059   41.18369176967718   0.1153
0.3306   41.02897142246363   0.15615
0.3307   41.19853974820956   0.1481
0.33081   41.2478058586866   0.15595
0.33094   41.12804093408515   0.10685
0.33096   41.27043484527958   0.19055
0.33159   41.16976295401352   0.11675
0.33159   41.38758418240778   0.1401
0.3318   41.1231028315362   0.12005
0.33293   41.145835014135486   0.14375
0.33398   41.11071606237377   0.1592
0.33493   41.28023314970522   0.1129
0.33742   41.12913518128088   0.14605
0.33748   41.410070258578656   0.16625
0.33753   41.149280977835495   0.10655
0.33829   41.18482567452012   0.151
0.33848   41.22826490733181   0.13905
0.3385   40.91719585864173   0.1618
0.34052   41.45859722775813   0.10555
0.34092   41.238821350118606   0.1485
0.3416   41.34370663158669   0.16925
0.34546   41.32675387987603   0.1626
0.34593   41.23963944442828   0.111
0.34688   40.802866225299596   0.2533
0.34701   41.297681735203625   0.14045
0.34872   41.124191788789375   0.13315
0.34902   41.28716483775749   0.1223
0.34923   41.39460745418164   0.11575
0.34931   41.367911473267135   0.13805
0.34957   41.2013617366137   0.12
0.34957   41.36738783903822   0.11065
0.3507   41.22586852428182   0.10725
0.35092   41.356701701359974   0.1283
0.35157   41.49065095871308   0.1136
0.35161   41.37496218412437   0.1158
0.35306   41.67215293283608   0.1515
0.35363   41.59910065640645   0.14555
0.35527   41.36095086608823   0.113
0.35582   41.567526810741015   0.12645
0.35833   41.33437888300702   0.11425
0.35858   41.630295119477346   0.1186
0.35902   41.27568726641047   0.1342
0.36001   41.64426529576669   0.1335
0.3602   41.315053680163736   0.1604
0.36082   41.46525511516563   0.14215
0.36135   41.52206262910013   0.2036
0.36165   41.352093754020764   0.1645
0.36491   41.359594267353636   0.1423
0.36616   41.585972417392846   0.1841
0.36646   41.465967746859256   0.1243
0.36783   41.32052081440532   0.12345
0.36791   41.559379137886125   0.1019
0.36924   41.40785694468788   0.14325
0.36939   41.364476096807294   0.1558
0.37003   41.33541747232592   0.1636
0.37013   41.607884475028285   0.1358
0.3705   41.26018859405807   0.1043
0.37051   41.56075542163971   0.11375
0.37053   41.6700333824494   0.11295
0.3706   41.49690625916994   0.1211
0.37089   41.42981780402628   0.26375
0.37144   41.5259448121119   0.1245
0.3715   41.42569733065368   0.10745
0.37164   41.53249013224267   0.10645
0.3735   41.47502436619325   0.1039
0.37386   41.43758454632457   0.0854
0.3786   41.53285010622802   0.1463
0.37949   41.885654220782726   0.1395
0.3799   41.609783505836994   0.1306
0.38003   41.50462296285923   0.1506
0.38054   41.508864171889776   0.1307
0.38083   41.68747322820191   0.1382
0.38164   41.45621432022612   0.14085
0.38171   41.72262522200522   0.143
0.38246   41.72691781243461   0.1824
0.38447   41.645636981672666   0.14945
0.38598   41.816033900209916   0.126
0.38734   41.65307999322763   0.18525
0.38775   41.508600872524546   0.15885
0.38887   41.33611012391877   0.14095
0.39267   41.86697474112412   0.1588
0.40048   41.608104881306744   0.1151
0.40078   41.879942420769716   0.1348
0.4008   41.81103617280991   0.1602
0.40214   41.69055853031275   0.149
0.40455   41.60713399777101   0.1075
0.40471   41.7074058337174   0.15365
0.40547   41.85095135858238   0.11045
0.40927   42.05776616962813   0.19045
0.40946   41.77480595739591   0.10895
0.40996   41.69140953810978   0.20545
0.41131   41.759165841188356   0.15385
0.41155   41.52657453197694   0.1289
0.41664   41.65264682382815   0.11755
0.41865   41.91301048549327   0.1152
0.41929   41.52810828078871   0.14905
0.4193   41.65822903065894   0.152
0.41957   42.12874547290203   0.12095
0.42028   41.75768348099497   0.2331
0.42086   41.690914885792225   0.16245
0.42244   41.75680592105524   0.1192
0.42353   41.84630443780821   0.2655
0.42359   41.95911603458623   0.1425
0.42693   41.657421184503384   0.1627
0.42696   41.775737049019774   0.15295
0.42784   41.84099602257918   0.17065
0.42866   41.8128973059521   0.1294
0.42886   41.97434764113635   0.1471
0.42967   41.981931164424374   0.1527
0.43015   41.67191054832534   0.12545
0.43487   41.78589770826822   0.1145
0.43544   41.735163396639464   0.109
0.43673   42.08088793110334   0.14185
0.43885   41.99135080263454   0.19185
0.43927   41.69264908585095   0.132
0.44007   42.077576264696795   0.16925
0.44058   41.884396243856095   0.13695
0.44255   41.915824111091176   0.1137
0.44368   42.069816618601095   0.1349
0.44758   42.022577829917125   0.1524
0.44956   41.876672402896205   0.14135
0.45059   42.045976370154236   0.1316
0.4507   41.72174514392144   0.15475
0.45155   42.001596522605325   0.12515
0.45169   41.751352168513726   0.1377
0.45173   41.852708811100705   0.12465
0.4604   42.02033424324005   0.14725
0.46101   41.867262467903856   0.16435
0.46127   41.9857434760461   0.13775
0.46156   41.69236631522039   0.11115
0.4664   42.09441465070865   0.1587
0.46664   41.9818393991169   0.11645
0.4684   42.079712113971475   0.11785
0.47039   42.03733688212561   0.141
0.47057   42.00411215584564   0.1221
0.47058   42.22798570924539   0.12925
0.47175   42.11503366093797   0.15
0.47572   42.03741528185965   0.109
0.47796   42.03928140607631   0.1649
0.47942   42.19261690653821   0.1463
0.4804   42.18313165481211   0.17225
0.48057   42.1880857444527   0.1151
0.48072   42.152127196970234   0.1138
0.48176   42.056484337224354   0.15415
0.48881   42.245370835510414   0.1136
0.4948   42.16504015672773   0.11765
0.49737   42.3491244174137   0.13225
0.50074   42.15544768442014   0.13595
0.50091   42.469329512139325   0.1963
0.50275   42.27561665390153   0.20855
0.50276   42.086423068120354   0.2082
0.50309   42.24577748203797   0.12605
0.50718   42.16015690576435   0.1404
0.50736   42.31976299548004   0.1253
0.50818   42.14499383865098   0.14135
0.51002   42.27986834663606   0.1182
0.5109   42.378044706965426   0.17305
0.51176   42.23244632723952   0.1165
0.5138   42.29403996781305   0.1329
0.51434   42.26276217652317   0.11725
0.51476   42.4257104299312   0.1355
0.51559   42.42113762143416   0.1762
0.51879   42.239919242087545   0.1518
0.51941   42.626418441360244   0.19605
0.51961   42.44244279527232   0.109
0.52278   42.39697693704133   0.14165
0.52851   42.36505797378421   0.14315
0.53278   42.500401469732104   0.11385
0.53378   42.59733817174966   0.1665
0.53433   42.319465018882205   0.1289
0.53532   42.34325866632542   0.11085
0.53578   42.48379035542609   0.1266
0.54539   42.82621045539821   0.1462
0.54831   42.63529768799051   0.1438
0.55014   42.425617201708036   0.14355
0.55031   42.364125578654594   0.1249
0.5526   42.50028799873916   0.13425
0.55381   42.515214129448076   0.1242
0.55775   42.767313900258706   0.1349
0.55875   42.82924040340301   0.1335
0.55875   42.52640057889683   0.15165
0.56276   42.59671433180366   0.11755
0.56475   42.563701111442455   0.13595
0.57584   42.46287754436956   0.13845
0.57613   42.605018883231786   0.14515
0.57661   42.81369998749455   0.1229
0.57824   42.55217538362736   0.1624
0.57828   43.020592763522984   0.13895
0.57875   42.614064301543586   0.12065
0.5796   42.566077690923265   0.1197
0.5806   42.61131735099314   0.1608
0.58073   42.369535829011504   0.1372
0.58294   42.73185686244957   0.1258
0.58328   42.613511788287816   0.12955
0.58375   42.42736634905135   0.09915
0.58375   42.728569261636615   0.14025
0.58575   42.822703171235176   0.1417
0.58728   42.68987874045249   0.14055
0.58873   42.654947172016634   0.13005
0.59027   42.72015091948818   0.1666
0.59185   42.595945579666115   0.12625
0.6006   42.53098542501795   0.15455
0.60326   42.85080090719361   0.1429
0.60825   42.867281044043224   0.1266
0.60987   42.814988032284475   0.14865
0.61064   42.81236839695915   0.1329
0.61124   42.854219963466555   0.1593
0.6157   42.77463987283053   0.1433
0.61992   42.77738415090365   0.1156
0.62063   42.74254776072121   0.1131
0.62189   42.865687757335365   0.1628
0.62522   42.78352667896773   0.1303
0.62723   42.83532821199286   0.138
0.63056   42.711263941426665   0.11795
0.63071   42.907737972254004   0.1432
0.6319   43.1996182659623   0.17705
0.63222   42.503082424848415   0.20445
0.63771   42.68450857100399   0.2329
0.63822   43.06617821017737   0.184
0.64191   42.73546832948514   0.1659
0.64364   43.219173940827496   0.1943
0.64364   42.63870820616897   0.2013
0.64764   42.80838085081992   0.1613
0.64864   42.79048321042393   0.159
0.66206   42.8784206545712   0.17955
0.66464   43.15483850999433   0.1611
0.67065   43.09000796492888   0.1775
0.67767   43.3231664018814   0.2056
0.68196   43.01510771979447   0.1484
0.68366   42.90464869939592   0.2905
0.68517   42.965563906415426   0.2326
0.68866   43.044940541463376   0.1518
0.69065   43.46189341708859   0.18375
0.69315   43.47500379038405   0.24445
0.69715   43.39442211990375   0.16195
0.69816   43.12205404712712   0.2171
0.69915   43.018233688394226   0.15635
0.69916   43.11649775507327   0.1728
0.69998   43.10550625055027   0.2153
0.70064   43.07796551944111   0.1738
0.70115   42.887268873216506   0.1805
0.70198   43.09304327840093   0.26255
0.70198   43.298523037440496   0.16475
0.71565   43.53734791766258   0.19425
0.71868   43.46772245668359   0.15095
0.71963   43.13666439106778   0.2057
0.72013   43.53821403038907   0.19335
0.72068   43.49225054472995   0.2029
0.72668   43.11085916469938   0.1628
0.72767   43.128455214770554   0.19785
0.73012   43.15130913147658   0.19115
0.73362   43.173822122982244   0.15575
0.73401   43.193554608818594   0.24055
0.735   43.464715852993955   0.134
0.73501   43.348301053084754   0.17825
0.73561   43.36859140480274   0.19205
0.73602   43.427897309003875   0.2108
0.73669   43.08749856637334   0.1399
0.74   43.52168858220403   0.12605
0.74202   43.34593028630432   0.21515
0.7427   43.500513260414756   0.19885
0.74566   43.46127222512151   0.1527
0.74613   43.53690627360523   0.16465
0.74909   43.07399542576607   0.18275
0.75068   43.523858858368335   0.19155
0.75669   43.519969336896786   0.1583
0.75905   43.35473161281154   0.15165
0.7607   43.51166983351756   0.14995
0.76108   43.63755977577293   0.16035
0.76159   43.48790946002429   0.15445
0.7656   43.29012914400832   0.1549
0.7666   43.60458844077398   0.1593
0.76668   43.56141581767615   0.1806
0.76706   43.461010338356765   0.17855
0.76859   43.56917533124061   0.16885
0.77307   43.18178391913815   0.17625
0.7766   43.074855876536226   0.17835
0.78805   43.37621414169135   0.13815
0.78904   43.49057392512964   0.11585
0.79656   43.21238013491181   0.1588
0.79857   43.71534952049806   0.17435
0.8007   43.46761439760704   0.1606
0.80569   43.34033066331845   0.1301
0.80569   43.2168150235839   0.1555
0.80603   43.547645603500946   0.1837
0.80804   43.290883177812496   0.16345
0.80902   43.41062640990568   0.1668
0.81072   43.37377110258058   0.17055
0.81369   43.57235683843118   0.14105
0.81773   43.43313228409126   0.12085
0.82212   43.8607229607605   0.18525
0.82269   43.677564044289454   0.14625
0.82854   43.32709507137913   0.1526
0.83699   43.30837314071525   0.1427
0.83814   43.53410423680262   0.1807
0.83999   43.708890830166695   0.15175
0.84053   43.52413973133375   0.1456
0.84214   43.887677303359304   0.1858
0.84797   43.585898814331756   0.16975
0.84852   43.634412833831725   0.14855
0.85073   43.72496880935269   0.1304
0.85298   43.57129791080842   0.1508
0.854   43.55102503292113   0.21455
0.85851   43.632172566431805   0.16535
0.85852   43.74981998636469   0.1478
0.85852   43.56592120531029   0.17845
0.86397   43.69498762853152   0.15285
0.8645   44.00441673661654   0.14625
0.8665   43.8363201525713   0.17385
0.87217   43.76952605055587   0.1332
0.87796   43.81317971434835   0.14325
0.89073   43.85584911225827   0.14085
0.8932   43.7988708262615   0.1577
0.89693   43.7102380754286   0.16645
0.90173   43.954684104886276   0.1511
0.91075   43.918487999683855   0.16365
0.91348   43.84203705431341   0.13735
0.92223   43.8471068444126   0.1708
0.92224   44.080784285029694   0.18725
0.92491   44.1038828822387   0.1923
0.92624   44.05779779852675   0.10935
0.9279   44.11028964497583   0.1829
0.93189   44.22500530180182   0.15235
0.93225   43.81502485513238   0.21015
0.93389   43.66911166395618   0.2009
0.935   44.076407780815536   0.1658
0.93675   43.990657105830614   0.1405
0.94688   44.19235389658633   0.1642
0.94846   43.92511549078018   0.15105
0.95076   43.88479022689428   0.14485
0.95886   43.96396403136525   0.17245
0.96074   44.072631349996854   0.14255
0.96075   43.931758623529106   0.1577
0.97   44.12184636780476   0.26175
0.9752   44.164350888644854   0.13985
0.9833   44.25171221518389   0.143
0.98341   44.06700208289711   0.153
0.98377   43.981959863615465   0.1439
0.9964   44.09589992127557   0.1408
0.99781   43.929618640426945   0.0953
1.00279   44.1971167238911   0.19135
1.014   44.40899721755699   0.2291
1.02   44.43033845607267   0.1657
1.02879   44.0694188602058   0.16015
1.0608   44.24337423076477   0.16415
1.092   44.47995021872451   0.26405
1.12   44.26328786525829   0.1649
1.206   44.66529290689449   0.3352
1.23   44.53470349997228   0.19155
1.23   44.68093058856269   0.17085
1.3   44.88846933528009   0.17875
1.305   44.991666006134636   0.235
1.315   44.82211396729323   0.1987
1.33   44.955785975591226   0.1484
1.34   44.57741990007022   0.1632
1.37   44.97589705602868   0.1622
1.39   44.89143662021053   0.20125
1.54   44.96353236885825   0.21065
1.55   45.35891341540605   0.18565
1.7   45.89126953006447   0.2832
1.8   45.569103612901756   0.18795
1.914   46.20621757085941   0.2559
2.26   46.19294581187446   0.2548
